13121011424 
13121011422 
13121009501 
13121011305 
13121000200 
13121009402 
13121001100 
13121011201 
13121011303 
13121011505 
13121010123 
13121010121 
13121011306 
13121007706 
13121000400 
13121009200 
13121008102 
13121007002 
13121011301 
13121010119 
13121010211 
13121009801 
13121007703 
13121003700 
13121007604 
13121000500 
13121009300 
13121009900 
13121009000 
13121009700 
13121007500 
13121008902 
13121009603 
13121009601 
13121007705 
13121011612 
13121011623 
13121011625 
13121011619 
13121011621 
13121007704 
13121010206 
13121010204 
13121007100 
13121006801 
13121006900 
13121008500 
13121008601 
13121005800 
13121007603 
13121011427 
13121005200 
13121005000 
13121001500 
13121002600 
13121001700 
13121007900 
13121010601 
13121011618 
13121011610 
13121011616 
13121011617 
13121011611 
13121001400 
13121003000 
13121011000 
13121007400 
13121010603 
13121010604 
13121011614 
13121011620 
13121011420 
13121011613 
13121011426 
13121011425 
13121011423 
13121011418 
13121010800 
13121980000 
13121004300 
13121008904 
13121006400 
13121005300 
13121005502 
13121007001 
13121007300 
13121010508 
13121010507 
13121010511 
13121011421 
13121011416 
13121008903 
13121001001 
13121009101 
13121001201 
13121001202 
13121006700 
13121006300 
13121005700 
13121008201 
13121007808 
13121011506 
13121011417 
13121006500 
13121005501 
13121004900 
13121004800 
13121002800 
13121007806 
13121008800 
13121011419 
13121011503 
13121011615 
13121011504 
13121009102 
13121010108 
13121001800 
13121001300 
13121001900 
13121002100 
13121004400 
13121008602 
13121007807 
13121010510 
13121010515 
13121010516 
13121011410 
13121010107 
13121003200 
13121004200 
13121003800 
13121002500 
13121002300 
13121010512 
13121007802 
13121010120 
13121010117 
13121010118 
13121010113 
13121011405 
13121010106 
13121002900 
13121010110 
13121000600 
13121006601 
13121006602 
13121006200 
13121006100 
13121007805 
13121008202 
13121010513 
13121010304 
13121010303 
13121008101 
13121006000 
13121000700 
13121001002 
13121010115 
13121010122 
13121010205 
13121001600 
13121003100 
13121006802 
13121007602 
13121008700 
13121012300 
13121010114 
13121010212 
13121009802 
13121010210 
13121010209 
13121003600 
13121003500 
13121008000 
13121003900 
13121004100 
13121002400 
13121012000 
13121011900 
13121011800 
13121009403 
13121009404 
13121010001 
13121010208 
13121011411 
13121011412 
13121004000 
13121008400 
13121008302 
13121010514 
13121010301 
13121010400 
13121011624 
13121011626 
13121011622 
13121009602 
13121010002 
13121009502 
13121011414 
13121000100 
13121008301 
13121007200 
13121011202 
13121011100 